91 78 10 6 23 3 3 -21 3 14 -3 -15 12 4 20 5 7 1 0 -3 2 2 0 0 0 0 0 0 0 0 0 0 0 1 0 0 0 1 0 0 0 0 0 0 0 0 0 0 0 0 0 
89 83 -9 22 -4 8 3 5 -4 10 -3 5 -7 -7 -2 0 -1 -14 1 6 -2 -4 -1 -1 -1 -1 -1 -1 -1 -1 0 -1 -1 -1 -1 -1 -1 -1 -1 -1 0 -1 0 -1 -1 0 -1 -1 -1 -1 -1 
99 91 -26 -11 -1 -14 -8 -8 -1 -5 -17 3 -3 4 -5 8 5 -4 0 4 -4 1 0 0 -1 0 0 0 0 0 -1 0 0 0 0 0 -1 -1 0 0 0 0 0 -1 -1 -1 0 0 0 -1 -1 
93 83 -22 -2 -5 6 -11 22 -2 -8 -3 1 -7 -1 -8 0 -13 -12 4 -9 -4 -9 -1 -1 0 -1 0 -2 -1 -1 -1 -2 -1 -1 -2 0 -2 0 0 0 -1 -1 0 0 -1 -1 -1 0 -1 -1 -1 
93 82 -3 -22 4 -3 4 -3 -25 -5 -3 7 -11 -9 0 4 7 -14 -14 4 -9 2 -2 -2 -2 -2 -1 -1 -1 -1 -1 -2 -1 -2 -2 -1 -1 -1 -1 -1 -1 -2 -1 -1 -2 -1 -1 -2 -1 -1 -2 
83 72 -8 12 10 -14 -5 21 -8 -3 5 10 16 3 -1 1 12 -6 -5 11 -8 2 -1 -1 -1 -1 -1 -1 -1 0 0 -1 -1 0 -1 -1 -1 -1 -1 -1 -1 0 -1 0 -1 -1 0 0 -1 0 -1 
92 70 -21 -30 7 32 -20 -7 -9 -9 -6 -1 -5 5 -7 -5 -11 -11 2 -2 10 1 -3 -1 -2 2 -1 -1 0 0 0 -1 -3 -1 0 -2 -1 -1 0 1 1 1 1 0 0 1 -2 0 -1 -1 0 
80 72 -8 14 18 7 -3 -7 10 -11 -15 3 -3 2 -7 -4 5 -7 1 2 0 -1 0 0 0 0 0 0 0 0 0 0 0 0 0 0 0 0 0 0 0 0 0 0 0 0 0 0 0 0 0 
88 76 -3 3 15 16 -2 22 3 -6 10 -3 7 9 1 -8 -7 2 14 15 -7 9 1 2 -1 1 2 1 1 0 1 2 1 1 1 1 1 1 1 1 1 1 1 1 1 0 1 1 1 0 0 
88 72 -17 14 -14 -1 -1 -16 -13 20 -21 -2 5 18 -13 6 1 -1 -12 -4 -2 0 -2 -2 1 1 -1 0 -1 -1 0 0 -1 -2 0 -2 0 -2 0 0 -1 -1 0 -1 -1 -2 0 -1 -1 -1 -2 
96 82 13 -14 -7 22 1 -10 6 19 -14 -19 9 -7 2 14 -13 -4 1 -12 0 -5 0 -1 -1 -1 0 -1 -1 -1 -1 -1 -1 -1 -1 0 0 -1 0 -1 -1 -1 -1 0 0 -1 -1 0 0 -1 -1 
104 63 -18 21 -7 36 -30 -31 32 -2 -15 19 12 -9 -14 -8 -7 22 16 -8 -3 -4 0 -1 -1 -2 2 -1 0 -3 1 0 -1 0 -1 -1 -2 -1 0 1 -2 -2 1 1 1 0 -1 0 -3 1 0 
70 56 25 -2 -18 -3 -8 -1 -8 0 -17 -2 -1 14 -5 10 7 -9 -6 -4 0 1 0 0 0 -1 0 0 0 -1 0 -1 -1 0 0 -1 -1 0 0 0 -1 0 0 0 -1 -1 -1 -1 -1 0 0 
102 76 4 15 38 14 -2 -10 -6 -8 -19 22 2 12 15 16 2 26 -12 12 -2 8 2 4 1 2 0 1 2 4 3 2 -1 1 1 1 1 1 1 1 2 0 1 1 1 0 -2 1 2 1 0 
74 64 10 26 -1 2 8 -3 4 -7 14 -1 1 5 0 0 10 15 6 0 0 1 0 0 0 0 0 0 0 0 0 0 0 0 0 0 0 0 0 0 0 0 0 0 0 0 0 0 0 0 0 
92 58 -6 15 -2 -8 -5 36 -35 32 -10 1 -21 -11 -6 -3 11 -9 -5 17 8 -6 -1 -1 2 1 2 0 1 -2 0 -2 0 0 1 0 -1 0 -1 -1 -1 1 0 -1 0 0 0 1 0 0 0 
80 71 13 22 -4 9 2 -4 4 2 -7 0 -19 -9 2 7 -4 5 0 0 1 3 -1 0 -1 0 0 0 0 0 -1 -1 0 0 0 0 0 0 -1 0 0 0 0 0 0 -1 0 -1 0 0 -1 
107 94 -12 6 -9 3 5 -8 -16 26 7 9 0 1 21 20 -8 -1 1 18 -2 -6 -1 0 0 -1 -1 -1 -1 -1 0 0 -1 -1 -1 0 -1 -1 -1 0 0 -1 -1 0 -1 -1 -1 -1 0 -1 0 
108 86 6 16 -3 -41 11 -2 -2 -4 3 0 29 -1 -22 -17 0 -14 -9 -8 -13 -4 -1 -2 -2 -2 -2 -1 -1 -2 -1 0 -1 -1 -1 0 -1 0 0 -1 0 -2 -1 0 0 0 -1 -1 -2 -1 0 
113 96 -22 -25 -3 20 -10 -14 8 -10 -23 3 -13 0 -16 17 14 -4 -10 14 2 1 -1 -1 0 0 -1 0 -1 -1 -1 -1 -1 -1 -1 -1 -1 -1 -1 -1 -1 -1 0 -1 -1 -1 -1 0 -1 -1 -1 
91 82 30 -10 4 -11 3 4 -1 8 -8 5 3 -8 -3 -2 -2 -7 -6 -7 0 -3 -1 -1 -1 -1 -1 -1 -1 -1 -1 -1 -1 -1 -1 -1 -1 -1 -1 -1 -1 -1 -1 -1 -1 -1 -1 -1 -1 -1 -1 
133 68 11 -34 52 -25 13 30 -30 -14 -44 40 -11 -18 4 -18 -17 3 14 -23 -17 24 5 -1 -2 0 -1 4 0 1 -2 -2 2 -3 1 5 4 2 -2 -1 -4 -3 5 -4 -1 -3 0 0 1 0 6 
98 72 -21 -15 16 23 2 -42 16 10 -5 -11 -5 23 11 -1 -1 6 -9 -4 3 -1 0 -2 -2 0 -1 0 0 0 -1 0 0 -1 0 0 -1 -1 0 0 0 -1 0 0 0 -1 -1 -1 0 0 -1 
115 86 30 8 7 -19 -7 19 4 -36 -18 17 26 31 -8 0 12 -15 5 -7 -2 -2 0 0 0 0 0 0 0 -1 0 -1 0 0 0 -1 0 0 -1 1 -1 0 0 0 -1 0 0 -1 0 0 0 
80 72 29 -6 7 -6 -1 3 -4 6 2 -6 5 2 -3 -6 0 7 -2 -4 -1 3 0 0 0 0 0 0 0 0 0 0 -1 0 -1 0 0 0 0 0 0 0 0 0 -1 0 0 0 -1 -1 0 
96 74 -33 17 -21 -18 -18 21 -8 3 1 -6 2 2 -1 -23 -7 0 -3 -16 -2 4 0 1 1 0 1 0 0 0 0 0 0 0 0 0 0 0 1 -1 0 0 0 -1 0 0 0 0 -1 0 0 
102 76 44 -19 8 3 13 17 -20 -11 -13 2 23 -10 10 18 -8 2 8 5 3 -3 2 1 1 0 -1 1 -1 -1 1 3 -1 3 -1 0 1 0 0 0 0 -1 1 -2 0 0 0 -1 -1 0 -2 
105 94 -27 -5 -3 -13 -5 -25 -10 14 2 -14 4 5 1 2 0 1 -4 5 -3 2 -2 -2 -1 -1 -1 -1 -1 -1 -1 -1 -1 -1 -1 -1 -1 -1 -1 -1 -1 -1 -1 -1 -1 -1 -1 -1 -1 -1 -1 
67 55 14 18 9 12 -2 1 12 -5 -6 11 2 -16 2 -1 -1 -11 0 1 -1 -1 0 0 0 0 0 0 0 0 0 0 0 0 0 0 0 0 0 0 0 0 0 0 0 0 0 0 0 0 0 
89 76 -37 -6 -14 8 7 -2 -10 0 16 -4 -1 8 -8 -5 2 -2 1 0 1 -3 -1 -1 -1 -1 -1 -1 -1 -1 -1 -1 -1 -1 -1 -1 -1 -1 -1 -1 -1 -1 -1 -1 -1 -1 -1 -1 -1 -1 -1 
91 79 -9 -8 -28 3 -10 15 -14 0 -3 -14 -2 -10 0 4 -9 5 8 -10 -4 5 0 -1 -1 -1 -1 -1 -1 -1 0 0 0 0 -1 -1 0 0 0 -1 0 0 0 -1 0 -1 0 -1 0 0 0 
78 73 -16 4 1 -5 -7 -7 2 4 6 -11 1 10 -8 1 -5 -4 -2 5 0 5 0 0 0 0 0 0 0 0 0 0 0 0 0 0 0 0 0 0 0 0 0 0 0 -1 0 0 0 0 0 
96 85 8 12 21 14 -1 -8 6 17 -11 -3 4 1 6 6 9 15 -1 17 -6 -2 -1 0 0 -1 0 0 0 0 0 0 0 0 -1 1 0 0 1 0 1 0 0 0 -1 0 0 0 0 -1 -1 
115 92 14 10 -29 -15 -15 -4 -39 1 -20 3 -26 -13 1 -12 -16 -1 -2 1 0 2 -2 -2 -2 -2 -2 -1 -2 -2 -1 -1 -2 -1 -2 -3 -1 -2 -1 -3 -2 -1 -2 -2 -1 -2 -2 -2 -2 -2 -1 
80 73 -10 12 -7 21 -1 -4 5 14 -4 1 1 -4 -7 2 1 0 -5 1 6 0 0 0 1 0 -1 -1 -1 0 0 1 0 0 -1 0 0 0 -1 0 -1 0 0 -1 0 1 0 0 1 1 0 
103 74 14 0 26 -39 -2 17 -9 4 -35 -2 17 13 2 20 13 3 0 -10 -1 2 0 0 0 -2 -2 -1 -1 0 -1 -1 -1 -1 -1 -1 0 -1 -1 -1 -1 -1 1 -1 -1 1 0 -1 -1 0 -2 
72 62 20 -6 -5 -13 9 1 8 -3 -10 -2 -5 7 3 19 2 2 -1 1 -5 1 -1 -1 -1 -1 0 0 -1 0 -1 1 -1 0 -1 -1 -1 -1 -1 -1 0 0 0 0 -1 -1 0 -1 -1 -1 0 
102 85 18 -11 30 -16 11 25 -2 23 12 7 4 5 -1 5 -4 6 1 1 2 -6 0 -1 0 0 0 0 -1 0 0 0 0 -1 0 0 -1 -1 -1 -1 -1 0 0 0 0 0 0 0 0 0 0 
84 72 4 -8 6 30 -3 -1 -3 -7 -16 13 -9 -6 -4 7 -2 -10 3 -2 -6 -7 0 1 1 1 0 0 1 0 0 0 0 0 0 0 1 1 0 0 0 0 0 0 0 1 0 0 0 0 0 
87 78 -13 18 6 -8 -4 16 -9 -4 11 6 -2 -5 5 2 -17 1 -4 -2 5 1 0 0 0 1 0 0 0 0 0 0 0 0 0 0 0 0 0 0 0 -1 0 0 -1 0 0 1 0 0 0 
86 59 -26 24 -16 29 6 -22 18 -6 -6 16 1 -4 3 8 -17 8 -8 1 4 3 1 2 1 0 1 0 0 0 0 -1 2 -1 -1 0 0 1 -1 1 0 -1 -1 -1 0 -1 0 1 -1 0 0 
98 86 -13 -13 6 16 -19 -1 4 -13 -14 -3 -4 -19 -5 10 15 -3 -10 7 0 2 -2 0 2 0 2 0 -1 -1 0 0 -2 -1 -3 2 1 1 -1 0 1 0 -2 1 2 0 0 1 1 1 -1 
85 71 -25 29 -4 -6 -16 -6 -9 -3 -10 -3 2 3 4 1 -6 -1 9 3 -2 -6 -1 -1 -1 0 -1 -1 -1 -1 -1 -1 0 -1 0 -1 -1 -1 0 -1 -1 0 -1 0 0 -1 -1 -1 0 -1 -1 
94 81 -31 -10 10 -18 0 5 -9 -18 6 6 -12 -12 1 -8 3 3 0 -1 7 2 0 0 -1 -1 -1 0 -1 0 0 -1 0 -1 -1 0 -1 -1 -1 -1 0 0 0 0 -1 0 0 0 0 0 -1 
101 72 -20 24 -37 7 -22 19 -22 32 4 -3 10 13 -2 -3 3 -1 3 5 0 0 0 0 0 0 0 0 0 0 0 0 0 0 0 0 0 0 0 0 0 0 0 0 0 0 0 0 -1 0 0 
95 86 -21 5 2 -5 -7 -17 -5 19 4 -7 -2 -2 1 10 -2 -9 -3 11 -3 -1 -1 -1 -1 -1 -1 -1 0 -1 -1 0 -1 -1 -1 -1 -1 -1 0 -1 0 -1 -1 -1 -1 -1 -1 0 -1 -1 -1 
90 85 5 14 -10 -10 -7 7 -1 1 -3 -5 -12 11 1 -4 6 3 1 5 -4 5 -3 -2 -1 0 -4 0 -1 -1 0 -1 -1 0 0 -2 -1 1 0 -2 -2 0 -1 -1 0 -1 1 0 0 -1 -1 
94 88 -8 -10 -8 12 -21 12 -2 1 -10 -7 4 -1 -8 -3 1 1 3 3 1 -3 0 0 0 0 -1 0 0 0 0 -1 -1 -1 0 -1 -1 -1 0 0 -1 0 -1 -1 -1 0 0 -1 -1 0 -1 
83 75 -15 -17 -12 -2 6 -1 6 3 13 -2 -6 -6 -1 -3 4 -5 0 12 -6 -3 1 -1 -2 -1 0 -2 -1 -2 -2 -2 -2 -2 -2 -2 -2 -1 -2 -1 0 0 -1 -1 -1 0 -3 -1 -3 -3 -1 
86 71 -25 21 -11 -3 9 5 1 4 2 -1 -4 -12 7 -28 1 -6 2 5 -3 -1 -1 0 -2 1 0 0 0 -2 0 -1 0 -1 1 0 -1 -1 0 -1 0 0 0 -1 -1 0 -1 0 -1 -1 -1 
94 86 25 -1 -3 -11 -14 11 -18 3 5 2 6 -1 -2 -8 0 -6 -2 -3 0 -1 -1 -1 -1 -1 -1 -1 0 -1 -1 -1 -1 -1 0 -1 0 -1 -1 -1 -1 -1 -1 0 0 -1 -1 -1 -1 -1 -1 
86 67 -35 9 -7 -16 -6 9 -15 -25 7 -7 -13 3 0 -5 -4 -9 -4 -2 3 -4 0 0 -2 0 0 -1 -1 -1 0 -1 -1 -1 0 0 -1 -1 -1 0 0 0 -1 -1 -1 -1 -1 -1 -1 -1 -1 
115 83 -25 3 -10 -3 40 -12 8 15 -30 -23 28 -19 10 24 20 -3 1 -3 8 4 -1 0 0 0 -1 0 -1 -1 -1 0 1 1 -1 -1 -1 -1 0 -1 0 0 -1 0 0 0 0 0 -1 0 -1 
96 73 38 14 9 5 -4 15 -3 18 31 -5 14 2 -9 -7 -11 -2 -8 -2 -3 0 -2 -2 -1 -2 -1 -2 -1 -1 -2 -1 -1 -1 -2 -1 -1 -1 -1 -1 -1 -2 -1 -1 -1 -1 -1 -1 -2 -1 -1 
87 79 -13 -8 -19 -7 6 3 0 -2 20 -9 11 -2 -2 -2 3 5 -5 4 -3 2 -1 -1 -1 -1 -2 -1 -1 -1 -2 -1 -1 -1 -1 -1 -1 -1 -1 -1 -1 -1 -1 -1 -1 -1 -1 -1 -1 -1 -1 
87 80 -11 5 -8 11 -10 7 -12 8 16 3 2 7 -3 7 13 1 -3 2 0 1 -1 0 0 -1 0 -1 0 -1 -1 1 0 0 -1 -1 -1 -1 -1 0 -1 0 -1 0 -1 0 0 -1 -1 -1 -1 
89 77 -18 18 -12 22 -3 14 11 0 -3 -3 12 -2 -7 -3 -10 3 -7 6 7 3 -2 0 0 0 -1 -1 -1 0 -2 -2 -1 -2 -1 -1 -1 0 0 -1 0 0 -2 0 -1 -2 -1 -2 -1 -1 -1 
90 66 -29 42 8 2 5 -12 5 -14 -2 10 -19 1 14 1 8 -2 -8 0 2 3 0 0 -1 -1 0 0 0 0 0 0 0 0 -1 0 0 0 0 0 0 0 0 0 0 -1 0 -1 0 0 -1 
78 66 21 31 2 3 -9 8 -6 -4 4 2 2 9 1 -2 -5 2 -5 7 0 4 -2 0 -1 0 0 0 -1 1 -1 0 0 0 0 -2 0 0 1 0 1 0 1 0 0 1 0 -1 0 -1 1 
90 79 18 16 6 3 5 24 -4 -5 3 2 12 -8 1 17 1 -6 -5 -4 1 2 0 1 0 0 0 0 1 0 0 0 0 -1 0 0 0 0 0 0 0 0 1 0 0 0 0 0 0 0 -1 
84 72 19 22 17 -12 9 3 -1 10 -13 -6 3 2 1 -4 -2 9 9 2 4 -2 1 0 1 0 1 0 0 1 0 0 0 0 0 0 0 0 0 0 0 0 0 0 0 0 0 0 0 0 0 
88 67 -8 5 -5 27 -23 -2 14 26 -4 -14 25 7 6 4 -2 -4 8 0 0 0 0 -2 0 0 0 0 0 0 0 0 0 0 0 0 0 0 -1 0 -1 0 -1 0 -1 0 0 -1 0 -1 0 
101 78 -2 6 -26 -10 -9 2 7 -2 19 3 -35 0 -9 32 7 -3 2 -4 -17 -8 -4 -4 -3 -5 -3 -2 -2 -2 -2 -1 -3 -2 -2 0 -1 -1 -3 -2 -1 -1 -2 -2 -2 0 -2 -1 -2 -1 -2 
81 71 -15 2 -12 9 17 22 -5 -4 -3 -11 6 -3 -5 0 7 4 0 -2 -8 6 0 -1 -1 -1 -1 -1 0 -1 -1 -1 -1 -2 0 -1 -1 0 0 -1 0 -1 -1 -1 -1 0 0 0 -1 0 0 
85 68 -12 21 2 18 -7 -20 23 10 10 -14 5 -1 11 -9 -11 -4 -1 8 0 -3 -1 -2 0 -1 -1 -1 -1 0 0 -1 -1 -1 -1 -1 -1 0 -1 -1 -1 -1 -1 0 -1 -1 -1 -1 -1 -1 0 
74 61 -26 2 17 8 -1 -3 -9 2 -22 -8 -6 1 0 4 3 4 -5 4 4 0 0 0 -1 1 -1 0 0 0 0 0 0 0 0 0 -1 -1 0 0 0 0 -1 0 -1 0 0 0 -1 0 -1 
90 75 7 32 -17 0 6 -9 -7 0 29 -1 -6 -4 3 3 5 10 3 8 0 1 0 -1 -1 -1 -1 -1 -1 -1 0 0 0 -1 -1 0 0 -1 0 0 0 -1 -1 -1 -1 -1 -1 0 0 0 0 
110 79 13 32 21 -4 20 -33 -1 24 -7 23 -22 19 -22 0 4 15 2 -3 5 1 0 0 -1 0 1 1 0 0 0 1 0 0 0 0 0 0 1 0 0 0 0 0 1 0 0 0 0 -1 0 
105 87 1 4 0 -10 -24 2 -6 3 -46 8 8 -8 10 5 -8 -1 6 9 -7 -6 1 1 1 0 3 0 0 -1 0 0 0 0 0 0 0 -1 0 0 1 -1 0 0 0 -1 0 -1 0 0 0 
83 77 -1 10 9 2 -7 -16 11 6 11 -8 -5 4 9 -2 5 0 1 -11 0 1 0 0 -1 0 0 -1 0 0 0 0 0 0 0 0 0 0 0 0 0 0 0 0 0 0 0 -1 0 0 0 
92 73 -11 4 -4 -10 -15 -4 0 12 -17 26 -14 16 -10 8 -10 -2 -11 26 -11 -4 -2 -1 -1 -2 -1 -1 -1 -1 -1 -1 -1 0 -1 0 -1 0 -1 -1 -2 -1 0 -1 -2 -2 -1 -1 -1 -1 -1 
95 69 -19 1 45 27 -3 -9 12 -6 9 -4 -7 4 -25 -4 -4 -8 -2 -3 1 -4 0 0 0 0 0 0 0 0 0 -1 -1 0 0 0 0 0 -1 0 0 -1 0 0 -1 -1 0 0 0 0 0 
88 76 3 -6 -26 7 -6 -7 -6 -13 -4 7 12 3 3 -2 -13 -1 16 -16 2 -6 -3 1 -1 -1 -2 0 -1 -1 0 0 -2 -2 0 -1 -1 -1 1 -1 0 1 -2 -1 -1 -1 -2 -2 -1 -1 0 
121 100 -22 -55 9 9 12 -12 -18 2 -7 -10 12 -2 0 -7 0 3 7 0 3 -4 -3 -1 -2 0 -1 0 -2 1 1 0 0 -1 0 -3 -1 0 -1 -1 -1 -1 0 0 -2 -1 1 -1 0 1 -2 
117 68 -28 28 -6 -36 34 -25 33 17 -9 -11 -2 -11 -18 27 18 28 -11 19 9 -8 -2 -2 -1 -3 -1 -1 -1 0 -1 -1 -1 -1 0 -1 -2 -1 -1 -1 0 -1 -1 0 0 -1 -1 -1 0 -1 -1 
77 67 2 -2 11 -1 -18 10 11 -5 -18 -3 -14 -2 5 1 -3 12 4 1 -2 -2 0 0 0 0 -2 -1 -1 -1 0 0 -1 -1 -1 0 -1 0 0 -1 0 0 -1 0 0 -1 0 0 0 -1 -1 
106 79 -31 19 6 -4 17 -12 8 -24 11 19 18 -15 19 29 13 6 2 -4 7 1 1 -1 1 2 -1 1 -2 2 0 -1 0 -1 0 5 -3 2 3 3 1 1 -3 -1 0 2 2 -1 2 3 0 
92 82 -1 -5 5 16 -6 -13 -23 -15 -1 0 -12 8 4 -2 9 -14 -2 0 -3 2 0 0 -1 0 0 0 0 -1 0 -1 0 0 0 0 0 0 0 0 0 0 0 0 -1 0 0 0 0 0 -1 
105 83 -44 16 -21 -31 5 8 -2 -6 2 2 -19 -8 -3 -1 -5 6 0 3 -5 -3 -1 0 0 0 0 0 0 -1 0 -1 -1 -1 -1 0 -1 0 0 0 -1 -1 0 -1 -1 -1 -1 0 0 0 0 
102 95 -19 -18 18 1 -4 1 -2 -6 -2 -2 -3 -16 1 -2 6 -3 0 3 2 -1 0 0 0 1 0 0 0 0 0 0 0 0 0 0 0 0 0 0 0 0 0 0 0 0 0 0 0 0 0 
79 72 -1 5 -9 -3 -15 3 -19 7 0 0 -6 8 6 1 -5 -10 -2 6 5 3 -1 0 0 0 0 0 0 0 0 0 0 0 0 0 0 0 0 -1 0 0 -1 0 0 0 0 0 0 0 0 
91 80 -33 2 11 -14 -4 1 -1 5 -2 2 -2 -13 8 -13 0 7 -3 4 0 3 0 0 0 1 0 0 0 0 0 0 0 0 0 0 0 0 0 0 0 0 0 0 -1 -1 0 0 0 0 0 
94 76 28 7 7 -9 10 -5 16 -2 -32 9 10 -6 0 -12 -8 -3 0 -19 -1 1 1 0 0 0 0 0 0 0 0 0 0 0 0 0 0 0 0 0 0 0 0 0 0 0 0 0 0 -1 0 
92 76 -23 -10 21 -11 -1 6 -5 -15 -12 1 3 2 18 -12 11 13 14 10 -3 -1 1 1 2 1 1 0 1 2 3 2 0 1 1 1 1 1 0 1 1 1 1 1 0 0 0 0 2 1 1 
82 68 38 -13 -11 -2 -7 -5 7 0 9 0 -7 -1 1 -6 7 -7 -4 2 0 0 -1 -1 -1 -1 -1 -1 -1 -1 -1 -1 -1 -1 -1 -1 -1 -1 -1 -1 -1 -1 -1 -1 -1 -1 -1 -1 -1 -1 -1 
96 79 -26 8 -4 1 -11 -9 -10 15 -31 7 -2 10 -16 -1 -2 -14 -4 -1 16 5 1 0 0 2 0 -1 0 0 0 0 1 0 1 1 0 0 1 0 0 0 -1 0 1 -1 -1 0 0 0 0 
87 68 37 15 -5 5 10 8 3 -7 22 1 3 -4 -21 8 0 -7 7 1 -4 1 -1 -1 -1 -1 -1 0 0 0 0 0 0 0 0 0 0 -1 0 -1 -1 -1 0 0 0 0 0 -1 0 0 -1 
85 60 -24 -1 -2 -18 -9 -5 -4 4 -22 22 13 12 14 15 -1 14 1 -17 -18 1 2 -2 1 3 0 0 -1 1 1 0 -1 0 -5 1 1 -2 0 0 0 0 4 -2 -2 -1 1 1 -2 3 -1 
93 68 -31 28 -5 2 -16 13 -1 13 -28 -5 -3 -15 18 6 3 -1 -16 -2 -9 -2 0 0 1 0 0 0 0 0 0 0 0 0 0 0 0 0 0 0 0 0 0 0 0 0 0 0 0 0 -1 
79 69 -30 8 -8 2 -3 4 10 8 -8 -4 -2 11 8 5 -1 3 -1 -2 0 -2 0 0 0 0 0 0 0 0 0 0 0 0 0 0 0 0 -1 0 0 0 0 0 0 0 0 0 0 0 0 
77 74 1 5 1 -3 -11 16 0 -6 10 -3 2 -1 1 0 2 1 3 4 -2 -2 0 0 0 0 0 0 0 0 0 0 0 0 0 0 0 0 0 0 0 0 0 0 0 0 0 0 0 0 0 
88 69 11 19 -4 -7 3 19 4 -14 -2 27 -15 -18 -20 -4 10 1 2 7 -2 3 0 0 0 0 0 0 0 0 0 0 0 -1 0 0 0 0 0 0 0 0 0 0 0 0 0 0 0 0 0 
97 92 -10 3 2 -8 -18 8 -12 8 1 6 -2 -9 5 4 -7 -4 0 -2 4 -2 -1 -1 -1 -1 0 -1 -1 -1 -1 -1 -1 -1 0 -1 -1 -1 -1 -1 -1 0 -1 -1 0 -1 -1 -1 0 -1 -1 
115 76 11 23 12 -24 -12 -31 36 -33 44 1 -8 -7 10 0 16 -7 1 -11 -4 6 -1 -1 1 -1 -1 0 -1 -1 0 0 -2 -1 0 -1 0 0 -1 -1 -1 -1 -1 1 1 -1 0 0 -1 0 0 
73 69 10 -4 -1 4 3 -6 0 -6 -11 -5 2 5 -4 1 -2 7 10 -4 2 -1 1 0 0 0 0 0 0 0 0 0 0 0 0 0 0 0 0 0 -1 0 -1 -1 -1 0 0 -1 0 0 0 
96 74 -44 14 -18 -4 -19 -2 -5 -6 -20 -3 -11 2 6 -6 1 -7 2 -15 2 4 -1 0 0 0 0 0 -1 -1 0 -1 -1 -1 0 0 -1 0 0 -1 -1 -1 -1 -1 0 -1 -1 0 0 0 0 
114 83 -2 -16 24 -25 35 -31 1 24 12 -2 14 -7 33 8 -14 12 4 3 5 -4 -1 -1 -2 -1 -2 -1 -1 -1 -1 -1 -1 -1 -2 -2 -2 -1 -1 -1 -1 -2 -1 -1 -1 -1 0 -1 -1 -2 0 
82 76 5 19 4 3 -5 7 2 4 17 -2 -5 -3 1 -3 -3 -4 -1 -5 -6 3 0 0 0 0 -1 0 -1 -1 0 0 0 0 -1 -1 1 -1 0 -1 -1 -1 0 -1 0 -1 0 0 0 -1 -1 
97 87 -9 -17 8 -2 -12 9 -10 -5 -14 12 4 7 5 21 1 13 3 0 0 3 0 0 0 0 0 0 0 0 0 0 0 0 0 0 0 0 0 0 0 0 0 0 0 0 0 0 0 0 0 
114 91 -51 -6 -8 -11 11 22 6 3 -15 -11 15 11 -11 15 3 11 7 10 4 6 0 0 1 1 0 0 0 0 0 0 1 1 1 0 1 0 0 0 0 0 0 1 1 0 0 0 0 0 0 
