76 73 8 12 9 0 -10 1 -5 -4 0 -4 2 -1 0 0 0 0 0 0 0 0 0 0 0 0 0 0 0 0 0 0 0 0 0 0 0 0 0 0 0 0 0 0 0 0 0 0 0 0 0 
95 51 -23 52 26 4 -44 18 -6 -1 -2 4 -11 3 -2 -2 -2 -4 -2 -1 -1 -2 -1 0 -1 -2 -1 0 -1 0 -1 0 -1 0 -1 0 0 0 -1 -1 -1 0 0 0 0 0 -1 -1 -1 -1 0 
77 61 -2 20 12 -16 -33 -4 -16 -1 3 9 3 5 0 1 2 1 1 1 0 1 1 0 0 0 0 1 0 1 0 0 0 0 0 0 0 0 0 0 0 0 0 0 0 -1 0 0 0 0 0 
93 86 -20 11 14 -9 -15 7 11 -2 3 6 4 2 3 1 1 0 0 0 -1 0 0 0 -1 0 0 0 0 0 0 0 0 0 0 0 0 0 0 -1 0 0 0 0 0 0 0 0 0 0 0 
89 79 -25 -2 -2 -3 -11 -20 7 -16 -4 -12 0 -6 -2 1 1 2 1 1 0 0 0 1 0 0 0 0 0 -1 0 0 0 0 0 0 0 -1 0 0 -1 0 0 -1 0 0 0 -1 0 0 0 
86 85 -3 -3 6 5 -12 0 -7 -3 0 -2 -2 -1 -4 0 0 0 0 0 0 0 0 0 0 0 0 0 0 0 0 0 0 0 0 0 0 0 -1 0 0 0 0 0 0 0 -1 0 0 0 -1 
111 73 -43 1 25 -22 -9 29 20 -31 22 30 11 15 14 2 2 0 1 1 0 0 0 0 -1 0 -1 0 -1 0 0 -1 1 0 0 0 0 0 0 -1 0 0 0 0 -1 0 0 0 0 0 0 
88 83 12 2 -19 5 17 -12 -3 1 3 2 0 0 1 -1 0 0 0 0 0 0 0 0 0 0 0 0 0 0 0 0 0 0 0 0 0 0 0 0 0 0 0 0 0 0 0 0 0 0 0 
85 81 -17 -5 6 8 -9 7 -4 5 3 8 2 4 2 0 0 -1 0 -1 -1 -1 0 -1 -1 -1 -1 0 -1 0 -1 0 0 0 -1 0 0 0 -1 -1 0 0 -1 0 0 -1 -1 0 0 -1 0 
112 100 -45 -5 1 -6 7 21 -6 7 -1 -3 2 -6 -4 0 -1 0 0 0 0 0 0 0 0 0 0 0 0 0 0 0 0 0 -1 0 0 0 -1 -1 -1 0 0 -1 0 0 0 0 0 0 0 
100 71 8 2 39 -30 -5 4 17 45 1 -2 3 -10 -2 -2 1 0 0 0 -1 -1 0 0 -1 0 0 1 0 0 0 0 0 0 0 0 0 0 -1 -1 -1 0 0 -1 0 -1 0 0 -1 0 0 
75 73 2 15 -11 -2 7 -2 -4 2 1 0 0 -1 -1 0 0 0 0 0 0 0 0 0 0 0 0 0 0 0 0 0 0 0 0 0 0 0 0 0 0 0 0 0 0 0 0 0 0 0 0 
83 74 -29 8 4 5 -8 -1 -21 2 6 -1 2 -3 -1 1 0 2 1 1 1 1 0 0 1 0 0 0 0 0 0 0 0 0 0 0 0 0 0 -1 0 0 0 0 0 0 0 0 0 0 0 
77 72 -8 7 5 0 5 -10 -5 -17 -8 -6 -8 1 -3 1 0 1 0 1 1 1 1 0 1 1 1 0 1 0 1 1 0 0 0 0 0 0 1 1 0 1 1 0 0 1 0 0 0 0 0 
82 80 4 5 -6 -10 9 -6 -1 -1 5 4 6 -1 1 -1 0 0 0 0 0 0 0 0 0 0 0 0 0 0 0 0 0 0 0 0 0 0 0 0 0 0 0 0 0 0 0 0 0 0 0 
88 86 8 11 14 -8 -5 4 2 1 0 -2 0 0 0 0 0 0 0 0 0 0 0 0 0 0 0 0 0 0 0 0 0 0 0 0 0 0 0 0 0 0 0 0 0 0 0 0 0 0 0 
78 77 5 -1 -7 9 -5 0 -1 -6 0 0 -2 1 0 0 0 0 0 0 0 0 0 0 0 0 0 0 0 0 0 0 0 0 0 0 0 0 0 0 0 0 0 0 0 0 0 0 0 0 0 
74 72 -6 12 2 0 -1 1 -5 9 -3 -4 -1 -2 0 0 0 -1 0 0 0 0 0 0 0 0 0 0 0 0 0 0 0 0 0 0 0 0 0 0 0 0 0 0 0 0 0 0 0 0 0 
103 77 -54 -28 -8 2 11 -5 5 18 -6 -10 8 -4 0 -6 -2 -2 -2 -1 -4 -2 -2 -2 -3 -3 -4 -3 -2 -3 -2 -3 -4 -3 -2 -3 -5 -3 -3 -3 -3 -1 -3 -1 -3 -2 -3 -3 -4 -1 -2 
83 81 -17 -1 0 1 -7 6 1 4 -1 1 1 0 0 0 0 -1 0 0 0 0 0 0 0 0 0 0 0 0 0 0 0 0 0 0 0 0 0 0 0 0 0 0 0 0 0 0 0 0 0 
80 69 -7 15 -27 21 8 2 9 3 -6 0 -6 3 0 -1 -1 -2 -2 -1 -2 -2 -1 -1 -1 -1 -1 -1 -1 -1 -1 -1 -1 -1 -1 -1 -1 -1 -1 -1 -1 -1 -1 0 -1 -1 -1 -1 -1 -1 -1 
90 84 7 6 -2 10 18 0 18 11 0 -4 -7 -5 -6 -1 -1 1 1 0 0 0 -1 1 0 0 0 0 1 0 0 0 -1 0 0 0 0 0 0 0 -1 0 0 0 0 0 0 -1 0 0 0 
89 81 -15 17 0 -12 -5 -15 -16 -17 -1 -2 2 -3 -4 -1 -1 -1 -1 -1 -1 0 0 0 -1 -1 0 0 0 0 0 0 -1 0 0 0 0 0 0 0 0 0 0 0 0 0 -1 -1 0 0 0 
93 67 -39 28 20 -9 13 -11 16 22 14 -1 6 -10 2 -2 0 3 1 2 1 2 1 0 2 1 1 0 1 0 1 0 0 0 1 0 0 0 -1 0 0 0 0 -1 0 0 0 0 0 0 0 
73 70 11 7 -13 1 8 2 -3 2 -1 -1 1 -2 -2 0 0 0 0 0 0 0 0 0 0 0 0 0 0 0 0 0 0 0 0 0 0 0 0 0 0 0 0 0 0 0 0 0 0 0 0 
84 59 18 15 4 15 -45 -4 19 3 -19 -10 1 6 0 2 0 -1 -3 1 1 0 1 -2 -1 -1 1 -1 -2 -1 -1 0 1 0 0 0 0 -1 -1 0 0 0 -1 -1 0 0 0 1 0 -1 -2 
80 78 9 2 -7 13 3 -2 2 5 1 0 1 0 1 0 0 0 0 0 0 0 0 0 0 0 0 0 0 0 0 0 0 0 0 0 0 0 0 0 0 0 0 0 0 0 0 0 0 0 0 
116 91 -43 -31 21 -22 27 16 2 15 -7 -10 -9 -3 -8 1 -1 1 1 1 2 1 0 1 1 0 1 1 1 0 0 1 0 0 0 0 0 0 0 0 0 0 0 1 0 0 -1 0 0 0 0 
70 65 -9 18 -5 -6 5 -12 -2 7 -1 -3 -6 -1 1 0 1 1 1 1 0 1 0 0 0 0 0 -1 0 0 0 0 0 0 0 0 0 0 0 0 0 0 0 0 0 0 0 0 0 0 0 
75 68 -23 12 -3 -6 0 -11 6 -2 -3 -6 -9 -5 -6 -2 -2 0 -1 0 0 -1 -1 0 0 -1 -1 0 0 -1 0 0 -1 -1 0 -1 0 -1 -1 0 -1 -1 -1 0 0 -1 -1 -1 -1 -1 -1 
99 95 -7 14 19 -5 -6 12 1 4 3 0 2 0 -1 2 1 1 1 1 1 1 1 1 1 0 1 1 0 1 1 1 1 1 1 1 1 1 0 0 1 1 0 0 1 0 1 1 1 0 0 
92 89 15 8 9 -8 -10 0 -1 0 -2 -1 -3 2 -1 1 -1 0 0 0 0 0 0 0 0 0 0 0 0 0 0 0 0 0 0 0 0 0 0 0 0 0 0 0 0 0 0 0 0 0 0 
87 67 44 13 6 -6 0 -20 8 -19 0 4 -6 4 -2 0 1 1 1 1 1 1 0 1 1 1 0 1 1 1 0 0 0 0 1 0 0 0 1 1 0 1 0 0 0 0 0 0 0 0 0 
88 83 2 2 19 17 -5 -3 9 1 -1 0 2 3 5 -2 0 -3 -1 -1 -2 -1 -1 -1 -2 -1 -1 -1 -2 -1 -1 0 0 -1 -1 1 0 -1 -1 -1 0 -1 -1 0 -1 -1 0 -1 -1 -1 -1 
91 77 -6 -7 7 -8 -18 21 31 19 -1 -8 -8 0 0 -2 -2 -4 -3 0 -1 -2 -2 -1 -1 -1 -1 -1 -2 -2 0 -1 -2 -1 -1 -2 -1 -2 -2 -1 -2 -2 -2 -1 -2 -2 -1 -1 -1 -1 -1 
89 88 -5 4 6 -4 6 -1 -4 5 -3 -2 -2 -2 -2 0 0 0 0 0 0 0 0 0 0 0 0 0 0 0 0 0 0 0 0 0 0 0 0 0 0 0 0 0 0 0 0 0 0 0 0 
92 80 -27 22 -19 4 12 -16 -8 7 -2 0 3 3 6 0 0 -1 -1 -1 -1 0 -1 -2 -1 0 -1 -1 -1 0 -1 -1 0 -1 -1 0 0 0 0 0 0 -1 0 0 -1 -1 0 0 -1 0 0 
77 68 6 -14 22 5 9 4 16 1 -4 -6 -9 -6 -6 -1 -2 -1 -1 0 -1 -2 -1 0 -1 -1 0 0 0 -1 0 0 -1 -1 0 0 0 0 -1 0 -1 -1 -1 0 0 0 0 -1 -1 0 0 
76 66 -14 0 -23 8 12 12 -9 9 0 -9 -4 -9 -6 1 1 3 3 2 2 2 0 1 2 0 1 1 2 0 0 1 -1 0 0 0 0 0 0 0 0 0 0 0 0 0 0 -1 0 0 0 
84 79 -12 1 18 5 -12 -11 1 -7 -1 3 -5 1 -1 -1 2 0 1 1 2 0 0 -1 3 1 0 0 1 0 0 0 1 1 0 0 -1 0 1 1 0 0 0 0 0 2 1 0 1 0 0 
73 59 1 32 -5 -13 2 4 22 11 -2 0 0 -3 -1 -1 -1 -1 -1 -1 -1 -2 -1 0 -1 0 0 0 -1 -1 0 -1 -1 0 0 -1 -1 -1 -1 0 -1 -1 -1 -1 -1 -1 0 -1 -1 -1 0 
90 89 1 5 0 6 14 -6 -4 -3 1 3 2 2 1 -1 0 -1 0 0 0 0 0 0 0 0 0 0 0 0 0 0 0 0 0 0 0 0 0 0 0 0 0 0 0 0 0 0 0 0 0 
74 71 9 8 12 4 -9 -2 1 -7 1 0 -1 2 2 0 0 0 0 0 -1 0 0 0 0 0 0 0 0 0 0 0 0 0 0 0 0 0 0 0 0 0 0 0 0 0 0 0 0 0 0 
117 69 -45 22 51 12 -23 9 -7 50 17 10 13 0 8 1 3 4 2 2 1 2 2 0 1 1 1 1 0 1 -1 1 1 2 0 1 0 1 -1 -1 0 -2 0 -1 0 1 0 1 0 0 0 
73 69 -13 15 7 -1 -10 -1 0 -7 1 -2 -7 0 -3 0 -1 1 0 1 0 1 0 0 1 0 0 0 1 0 0 0 0 0 0 0 1 0 0 0 0 0 0 0 0 0 0 0 0 0 0 
114 88 -44 -8 -53 2 7 -16 -4 9 1 -3 7 2 -4 1 2 2 1 2 2 2 1 3 1 1 1 1 1 1 0 1 0 -1 1 0 -1 1 0 0 0 1 0 0 -1 0 -1 -1 0 0 0 
71 69 9 6 -10 -4 10 -1 -2 -3 -1 0 0 -1 0 -1 0 -1 -1 0 0 0 -1 -1 -1 0 0 0 0 0 0 -1 0 0 0 0 -1 0 0 0 0 0 0 0 0 0 0 0 0 0 0 
84 64 -4 16 -22 25 10 -30 -18 16 -7 0 2 0 6 -1 0 -2 -1 0 -1 -1 0 -1 -1 1 0 0 -1 0 0 0 1 1 0 0 0 0 0 0 1 0 0 0 0 0 1 1 0 0 0 
101 92 -20 22 10 4 15 -17 3 -1 14 5 7 3 8 0 0 2 1 2 0 0 0 -1 0 1 -1 1 0 -1 0 -1 0 0 0 1 -1 0 0 0 1 0 0 0 0 0 0 0 0 0 1 
83 78 -17 -18 -3 -10 5 11 6 -1 -3 0 -1 1 -1 0 -1 -2 -1 -1 -2 -1 -1 0 -1 -1 0 0 0 -1 0 0 0 0 0 -1 0 0 0 0 0 0 0 0 0 0 0 0 0 -1 1 
85 68 16 19 -39 9 2 -2 10 -2 -9 -10 -12 -3 -6 -1 -2 0 -1 -1 -1 0 -1 0 0 -1 -1 -1 0 -1 0 0 -1 -1 -1 -1 0 -1 -1 0 -1 -1 -1 -1 -1 -1 -1 -1 -1 -1 -1 
81 80 9 7 1 4 -3 2 -6 0 -1 -1 0 -3 -3 0 0 0 0 0 0 0 0 0 0 0 0 0 0 0 0 0 0 0 0 0 0 0 0 0 0 0 0 0 0 0 0 0 0 0 0 
69 62 3 9 3 -5 2 -14 -12 -15 10 10 4 0 2 0 1 1 1 1 1 1 1 0 1 0 0 1 1 1 1 1 0 1 1 1 1 1 1 1 1 1 0 1 0 0 0 0 0 1 1 
66 63 -4 14 -10 3 9 -1 -2 -1 -3 -3 -1 -2 -1 0 0 0 0 0 0 0 0 0 0 0 0 0 0 0 0 0 0 0 0 0 0 0 0 0 0 0 0 0 0 0 0 0 0 0 0 
87 70 27 16 -9 28 9 15 4 -21 -6 -9 4 -8 1 0 1 1 1 0 1 1 1 0 0 1 1 1 1 0 1 1 1 1 1 1 0 1 0 0 0 1 0 0 0 1 1 0 1 1 0 
101 78 -38 3 20 -12 -3 -18 17 30 13 20 6 5 7 -1 1 0 1 0 0 0 0 0 0 0 0 0 0 0 0 0 0 0 0 0 0 0 0 0 0 0 0 0 0 -1 0 -1 0 0 0 
101 90 -31 5 -18 27 5 2 7 5 3 4 1 2 3 0 0 0 0 0 -1 0 0 0 0 0 -1 -1 0 0 0 -1 -1 -1 -1 -1 0 0 -1 -1 -1 0 0 -1 -1 -1 -1 -1 -1 -1 0 
90 74 -48 -5 -10 6 0 -6 -9 -9 1 -1 -2 1 -4 1 0 1 1 0 1 0 1 0 0 0 0 1 1 0 0 0 0 0 0 0 0 0 0 0 0 0 0 0 0 0 0 0 0 -1 0 
101 75 -2 -21 -1 -47 15 27 -19 -6 8 -7 14 -4 -1 5 6 6 6 5 4 5 3 2 3 2 3 2 3 2 1 1 2 1 1 2 0 2 1 1 1 1 1 0 1 1 1 1 0 2 0 
84 78 6 -7 -15 16 13 1 -8 10 -1 -2 -6 -4 -8 1 0 2 3 1 2 2 0 1 2 0 0 1 2 0 0 2 0 1 1 0 0 1 0 0 0 0 1 0 0 1 0 0 1 0 0 
70 68 9 -3 -9 7 0 5 -3 6 -2 1 -2 -2 -1 -1 -1 -1 -1 -1 -1 -1 -1 0 -1 -1 -1 -1 -1 -1 -1 -1 -1 -1 -1 -1 -1 -1 -1 -1 -1 -1 -1 -1 -1 -1 -1 -1 -1 -1 -1 
81 70 -13 9 17 -24 0 -1 14 -17 9 4 -1 7 7 2 1 2 0 1 0 1 1 0 1 1 0 0 1 0 0 0 0 0 0 0 0 1 1 0 0 0 0 1 0 0 1 0 0 0 0 
85 75 -28 9 -6 3 22 -10 3 6 8 -1 -5 -3 -7 1 0 3 2 2 2 2 0 1 2 1 0 1 2 0 1 1 0 0 1 0 0 0 1 0 0 0 1 0 0 0 0 -1 0 0 0 
90 87 14 4 6 7 2 -15 -6 -8 0 1 3 -3 1 -1 0 0 0 0 0 0 0 -1 -1 0 0 0 0 0 0 -1 0 0 0 0 0 0 0 0 0 0 0 0 0 -1 0 0 0 0 0 
58 34 30 1 17 8 -23 10 3 4 9 12 8 5 5 0 1 -1 0 -1 -1 0 1 0 -1 0 0 0 -1 1 0 0 1 1 0 0 0 1 0 0 1 0 0 0 0 0 0 0 0 0 0 
102 57 -47 -12 47 -28 -24 -5 18 -18 -13 -16 -10 -6 -9 -1 -2 -1 -2 -1 -1 -2 -1 0 -1 -2 0 -1 -1 -1 0 0 -1 0 -1 -1 0 -1 -1 -1 -1 -1 -1 -1 -1 -1 -1 0 0 -1 -1 
93 90 -8 5 -1 7 2 -8 14 11 -3 -6 -4 -5 -2 -1 -1 -2 -1 -1 -2 -2 -1 -1 -1 -1 -1 -1 -1 -1 0 -1 -1 -1 -1 -1 -1 -1 -1 -1 -1 -1 -1 -1 -1 -1 -1 -1 -1 -1 0 
91 84 -29 5 -12 7 -4 5 -3 -15 -2 -4 0 -2 -2 0 -1 0 0 0 0 0 0 0 0 0 0 0 0 0 0 0 0 0 0 0 0 0 0 0 0 0 0 0 0 0 0 0 0 0 0 
85 71 6 -2 -35 1 20 0 -19 -1 -10 -3 -7 2 -1 -3 -5 -3 -4 -3 -2 -3 -2 -2 -2 -2 -2 -2 -3 -2 -2 -2 -2 -2 -2 -2 -2 -2 -1 -1 -1 -1 -1 -1 -1 -1 -1 -1 -1 -1 -1 
92 89 20 4 12 -1 2 4 8 4 2 6 0 3 2 1 1 0 1 0 0 0 0 0 0 1 0 0 0 0 0 0 1 1 0 0 0 0 0 0 0 0 0 0 0 0 0 0 0 0 0 
97 81 -14 8 -21 -4 24 26 -18 -21 -7 -11 -3 -4 -4 1 -1 0 0 0 0 0 0 -1 0 0 0 0 0 -1 0 -1 0 -1 -1 0 -1 0 0 -1 0 0 0 0 -1 0 -1 0 0 0 -1 
81 75 -13 9 14 -6 7 -15 -5 -11 3 4 1 5 7 -2 -1 -1 -2 -2 -2 -1 -1 -2 -1 -1 -1 -2 -1 -1 -1 -1 0 -1 -1 -1 -1 -1 0 -1 0 -1 -1 -1 -1 -1 0 -1 -1 -1 -1 
89 84 -1 13 -16 20 7 -3 -8 -3 4 4 0 2 2 0 0 0 0 0 0 0 0 0 0 0 0 0 0 0 0 0 0 0 0 0 0 0 0 0 0 0 0 0 0 0 0 0 0 0 0 
95 91 -4 21 -2 12 -5 8 2 -8 -5 -8 -1 -4 -5 -1 -2 -1 -1 -1 -1 -1 0 0 -1 -1 0 0 0 0 0 0 -1 0 0 0 0 0 -1 0 0 0 0 0 0 0 0 -1 0 0 0 
75 73 -6 1 10 2 -4 3 -4 -10 -2 -5 -1 -1 -2 1 0 0 0 0 0 0 0 0 0 0 0 0 0 0 0 0 0 0 0 0 0 0 0 0 0 0 0 0 0 0 0 0 0 0 0 
74 72 7 15 4 -7 -2 1 4 -4 0 -2 0 -2 -1 0 0 0 -1 0 0 0 0 0 0 0 0 0 0 0 0 0 0 0 0 0 0 0 0 0 0 0 0 0 0 0 0 0 0 0 0 
87 81 -30 0 -5 -6 7 -6 1 5 4 3 -1 -1 0 -1 0 0 0 0 0 0 0 0 0 0 0 0 0 0 0 0 0 0 0 0 -1 0 0 0 0 0 0 0 0 0 0 0 -1 0 0 
72 68 21 1 1 5 0 -5 9 -2 -1 -3 -4 -2 -2 -1 -1 0 -1 0 -1 0 -1 0 0 -1 0 -1 0 0 0 0 -1 0 0 0 0 0 0 0 0 0 0 0 0 0 0 0 0 0 0 
86 84 2 16 3 -4 1 6 -6 -6 -2 -1 1 -2 -3 0 0 0 0 0 0 0 0 0 0 0 0 0 0 0 0 0 0 0 0 0 0 0 0 0 0 0 0 0 0 0 0 0 0 0 0 
104 70 -62 15 -26 27 -3 1 17 -14 -1 2 1 0 -1 0 -1 -1 -1 -1 -1 -1 0 0 -1 0 -1 0 0 -1 0 -1 -1 0 -1 -1 0 -1 -1 0 -1 -1 -1 -1 -1 -1 -1 -1 -1 -1 -1 
79 71 35 2 4 -1 0 -6 1 -2 -1 -1 1 -1 -1 -1 0 -1 0 0 0 -1 -1 0 -1 0 0 0 0 0 0 0 0 0 0 0 0 0 0 0 0 0 0 0 0 0 0 0 0 0 0 
56 37 -12 -8 17 26 7 -16 14 7 1 -6 -2 -1 0 -1 0 1 0 1 0 0 0 0 0 0 0 -1 0 -1 0 0 0 0 0 0 0 0 0 -1 0 0 0 0 0 1 0 0 -1 0 -1 
77 71 -24 -8 15 -6 0 4 3 4 0 1 -1 1 0 0 -1 -1 0 0 -1 -1 0 0 0 -1 -1 0 0 0 0 0 -1 0 0 0 0 0 -1 0 0 0 0 0 0 0 0 0 0 0 0 
87 69 12 7 -35 17 30 -1 -4 9 -4 -3 -8 2 -2 0 -1 0 0 0 0 0 0 0 0 0 0 -1 0 -1 0 0 -1 -1 0 0 0 -1 0 0 0 0 0 0 0 0 0 0 0 0 0 
67 66 1 1 5 -5 0 7 4 1 0 1 -1 3 2 0 0 0 -1 0 0 0 -1 -1 0 -1 -1 -1 -1 -1 -1 -1 0 -1 -1 -1 -1 -1 -1 -1 -1 -1 -1 -1 -1 -1 -1 -1 -1 -1 -1 
89 78 -17 -2 1 9 -26 16 -3 17 5 9 5 7 4 0 0 -2 -2 0 -2 -1 -1 0 0 -1 0 0 0 -1 -1 0 0 -1 -2 -1 -1 0 -2 -1 -1 -3 0 0 -1 -1 -2 0 0 -1 -1 
85 75 -10 -11 -23 -8 11 -3 -19 11 3 8 9 3 5 -2 0 -2 -1 -1 -1 -1 0 -1 -1 0 0 -1 -2 -1 -2 0 -1 -1 -1 0 -1 -1 -1 0 0 0 -1 -1 0 -1 0 0 -1 -1 0 
77 73 19 -8 -7 -10 6 -1 1 0 1 0 0 1 1 -1 0 0 -1 0 0 0 -1 -1 0 0 0 -1 -1 -1 -1 -1 0 -1 -1 -1 -1 0 0 0 0 -1 -1 0 -1 -1 0 -1 -1 0 0 
96 87 5 24 -26 -6 1 16 7 -8 1 7 0 3 2 1 0 -1 -1 -1 -1 -1 0 0 0 0 0 0 -1 0 0 -1 0 0 0 0 0 0 0 0 0 0 0 0 0 0 0 0 0 0 0 
92 80 22 5 -24 13 4 15 20 4 11 6 3 -1 2 -1 -1 0 0 0 -1 0 -1 0 0 0 -1 0 0 0 0 0 -1 -1 0 0 -1 0 -1 0 0 0 0 -1 -1 0 0 -1 -1 0 0 
89 87 -13 6 7 1 11 1 -3 -7 2 3 2 1 0 0 0 0 0 0 0 0 0 0 0 0 0 0 0 0 0 0 0 0 0 0 0 0 0 0 0 0 0 0 0 0 0 0 0 0 0 
89 83 1 19 -8 -2 -3 -6 -24 -1 -1 1 2 1 -1 1 0 1 1 1 1 1 1 0 1 0 0 1 1 1 0 1 0 0 0 1 1 0 0 1 1 0 1 1 1 1 0 1 0 0 0 
55 48 13 11 -3 10 -17 8 3 -2 4 1 0 1 -1 1 0 1 0 0 0 0 0 0 0 0 0 0 0 0 0 0 0 0 0 0 0 0 0 0 0 0 0 0 0 0 0 0 0 0 0 
100 91 -41 1 -2 2 7 4 5 -2 0 3 1 1 1 0 0 0 0 0 0 -1 0 0 -1 0 0 0 0 0 0 0 0 0 0 0 0 0 0 0 0 0 0 0 0 -1 0 0 0 -1 0 
86 80 30 2 5 1 7 -8 1 -4 0 -3 3 -2 1 -1 0 0 0 -1 -1 0 -1 -1 -1 0 0 -1 -1 -1 0 -1 0 0 -1 0 -1 0 0 0 0 -1 0 0 0 0 0 0 0 0 0 
100 88 -29 -16 -7 -18 2 -18 19 -5 -7 -3 -2 2 1 -1 0 -1 -1 -2 -1 -1 -1 -1 -1 -1 -1 -2 -1 -1 -1 -1 -1 -1 -1 -1 -1 -1 0 0 -1 -1 -1 0 -1 -1 -1 0 -1 -1 -1 
86 70 15 7 -7 8 2 23 -2 -14 14 15 0 20 19 6 5 5 4 4 5 5 3 1 3 3 1 0 1 1 1 2 3 1 1 1 1 1 2 1 2 1 1 1 1 2 2 2 1 1 1 
86 78 14 10 -7 -8 27 -9 3 -2 10 -4 0 -1 5 0 1 4 2 3 3 4 1 0 2 2 3 0 1 0 1 0 1 1 1 1 0 1 2 1 1 1 1 1 1 2 1 1 0 1 1 
84 79 12 0 3 6 -11 -5 -4 -14 -6 -7 -8 -7 -8 0 -1 0 0 0 0 0 0 1 0 0 0 1 1 0 0 1 0 0 0 0 0 0 -1 0 0 0 0 0 0 0 0 0 0 0 0 
83 83 2 -4 -1 8 1 2 5 -4 1 1 0 -1 -1 0 0 0 0 0 0 0 0 0 0 0 0 0 0 0 0 0 0 0 0 0 0 0 0 0 0 0 0 0 0 0 0 0 0 0 0 
