84 72 -7 -4 -28 -3 -8 5 2 -4 12 -1 -9 13 -10 0 10 -4 10 -4 3 -6 1 -3 -6 -4 -2 -2 -3 -1 1 3 5 0 1 -1 -1 1 1 0 0 0 -2 -1 0 2 -2 1 0 -1 -1 
20 19 -6 -2 -1 -1 0 -1 -1 -1 0 0 0 -1 -1 0 -1 0 -1 0 -1 0 0 0 -1 -1 0 0 0 0 0 -1 -1 0 -1 -1 0 0 0 -1 0 0 -1 -1 0 -1 0 -1 0 -1 0 
75 68 -5 2 -7 -13 15 10 9 7 11 4 -9 1 7 -1 0 0 4 2 1 -1 -1 -1 2 -1 -2 0 -1 1 -1 -1 -1 0 0 -1 -1 1 0 0 0 0 0 0 0 -1 0 -1 -1 0 0 
39 36 -9 9 -5 -5 3 1 0 -1 -1 2 0 -3 1 -1 1 -1 -1 0 -1 -1 0 -1 0 0 -1 0 0 0 0 0 0 -1 0 -1 -1 0 0 -1 0 0 -1 0 -1 -1 -1 0 0 0 0 
19 17 2 1 -3 4 1 1 0 -3 3 2 -2 -2 -1 -1 0 0 0 -1 -1 -1 -1 0 -1 -1 0 -1 0 0 -1 -1 0 0 -1 -1 0 -1 -1 -1 0 0 -1 0 0 0 -1 -1 0 0 -1 
83 78 4 5 -7 9 0 6 11 -12 1 -4 0 -7 10 -4 1 7 -1 3 1 -1 1 -3 -2 0 4 0 5 -3 4 -5 -2 -1 -2 1 4 4 -1 -2 1 0 0 -1 -2 0 -2 0 0 2 0 
82 79 0 17 7 -6 13 -3 6 -2 1 -2 -1 -1 0 0 0 0 -1 0 0 -1 0 0 0 -1 -1 -1 0 -1 0 0 0 0 -1 -1 0 -1 -1 0 0 0 0 -1 -1 -1 -1 0 0 -1 -1 
83 71 -14 6 -2 9 3 -2 -11 -9 -12 -4 -9 -4 18 7 8 -1 16 2 -6 4 4 -1 -4 1 10 2 -2 -8 -5 -1 0 1 8 0 1 -5 0 -4 -2 1 0 1 2 5 -1 1 0 1 1 
74 70 -2 -9 3 1 17 -3 1 4 9 3 -1 0 4 -1 3 -3 -2 -2 -1 1 2 1 1 0 -1 1 1 0 -3 -1 1 -2 1 -1 -1 -1 0 0 -2 -1 0 -1 0 0 -1 -1 0 0 -1 
73 71 -4 -1 -5 7 -8 4 7 11 2 0 3 -3 -1 -1 -2 -1 -1 -1 -1 -1 -1 0 0 0 -1 0 -1 -1 0 -1 0 0 0 0 0 0 0 -1 -1 -1 0 -1 0 0 0 -1 -1 -1 0 
65 61 1 -17 -2 10 12 -1 2 -1 -7 4 -2 -1 0 0 -1 0 0 0 -1 0 -1 -1 0 0 0 0 0 0 -1 -1 0 0 -1 0 0 0 0 0 0 0 0 -1 0 -1 -1 0 -1 -1 -1 
76 73 11 12 -1 0 11 -5 4 3 -2 0 1 -1 -1 -1 1 0 -1 -1 0 0 -1 -1 0 0 -1 -1 0 0 -1 -1 0 0 -1 0 0 0 0 -1 0 0 0 0 -1 0 0 0 0 0 0 
62 60 4 12 -6 -1 -3 -5 -2 6 5 -1 -2 1 0 -2 0 -1 0 0 -1 -1 -1 -1 0 0 0 0 0 0 0 -1 -1 0 0 -1 0 0 -1 0 0 -1 -1 0 -1 0 0 -1 -1 0 0 
88 83 -6 -12 15 8 -11 13 -1 4 -4 2 -3 -6 -1 5 -2 -1 4 2 0 -6 3 0 -3 -1 0 -2 -1 -2 0 0 0 -1 0 0 -1 -1 0 0 0 0 -1 0 0 0 -1 -1 0 -1 -1 
78 75 -10 10 11 11 -3 3 -3 -2 0 -3 2 1 0 -2 -2 0 -1 -1 0 0 0 0 -1 0 0 0 -1 0 0 0 0 0 0 -1 -1 -1 -1 0 0 0 0 0 -1 0 -1 -1 0 -1 0 
76 74 5 13 8 6 -1 8 -5 -1 2 2 -1 1 -1 1 0 0 0 0 0 0 -1 0 -1 0 -1 -1 0 0 0 -1 0 0 0 0 -1 -1 0 -1 0 0 -1 0 0 -1 -1 -1 -1 -1 -1 
63 61 -2 3 9 9 6 5 5 1 -1 2 3 -2 1 0 0 0 1 -5 -1 1 -1 1 1 0 1 0 0 -1 0 0 0 0 0 -1 0 0 -1 -1 -1 -1 0 0 0 0 0 -1 -1 -1 0 
90 72 -1 17 -28 -23 -11 -19 -8 5 -17 -1 0 3 0 -2 1 4 -15 -8 -7 4 0 -2 4 -9 -3 1 0 1 2 -4 -2 -3 3 -1 -4 -1 -2 2 -2 -1 1 0 -1 -1 0 -2 -2 0 -1 
81 78 -12 -4 12 -3 11 10 5 -5 -1 -3 1 -1 2 -1 -1 -1 0 -1 -1 0 -1 -1 -1 -1 -1 -1 -1 -1 0 0 0 0 0 -1 -1 0 0 0 -1 0 -1 0 -1 -1 0 0 0 0 0 
83 79 0 12 5 7 7 -10 -2 11 -6 -7 2 -6 -4 -3 -3 -2 -1 1 0 0 -1 0 -1 -1 0 -1 -1 0 -1 -1 0 0 -1 0 0 -1 0 -1 -1 0 0 -1 -1 0 -1 -1 -1 0 -1 
96 90 10 9 -12 1 -7 -8 -2 9 -1 9 -7 -12 -8 9 4 4 9 8 0 1 -2 8 1 -3 -1 -3 0 -1 0 -1 -2 -4 0 1 -1 -7 2 -1 0 -1 1 0 -1 0 -1 0 1 1 -1 
40 37 -13 -3 -1 -3 6 -3 3 -3 1 -1 -1 -1 -1 -1 0 -1 0 -1 0 -1 -1 -1 0 -1 -1 -1 0 0 0 -1 -1 0 -1 0 -1 -1 -1 -1 0 0 0 -1 -1 -1 0 0 0 -1 0 
46 44 1 8 3 4 6 -5 -2 1 -4 -2 0 -2 -1 0 0 -1 0 0 0 -1 -1 0 0 0 -1 -1 -1 0 -1 0 0 0 0 0 0 -1 0 -1 0 -1 0 0 -1 -1 0 0 -1 0 -1 
82 74 -11 15 11 -16 -2 -9 2 -3 11 12 0 4 -1 -12 -5 4 -1 3 -3 3 2 0 -4 2 -1 -3 1 1 0 0 0 0 1 3 0 -1 -1 -1 -1 1 -1 -1 -1 -1 0 0 0 0 0 
81 78 -1 15 -12 -11 -7 2 -5 0 5 -3 1 -1 0 -1 -1 -1 0 -1 0 -1 0 0 -1 0 -1 -1 0 -1 -1 0 -1 0 -1 -1 -1 -1 0 0 0 -1 -1 -1 -1 0 0 -1 -1 0 0 
18 17 -2 4 0 2 -2 -1 -1 0 0 -1 0 0 -1 0 -1 -1 -1 -1 0 0 0 -1 -1 0 0 -1 0 -1 0 -1 0 -1 0 0 0 -1 0 0 -1 -1 0 0 0 0 0 0 -1 0 -1 
81 62 25 -3 23 16 15 -6 0 2 -3 11 4 -4 5 2 19 5 -10 0 2 7 -2 -5 3 9 7 3 -3 -6 2 2 0 -5 -1 -7 2 -5 -3 1 -4 -4 -1 1 -2 2 3 2 -3 -1 1 
75 72 13 3 6 8 -8 -7 5 1 -3 0 -2 -1 -2 -1 -1 0 0 -1 0 0 -1 -1 0 -1 0 -1 0 -1 -1 0 0 -1 0 0 0 0 -1 -1 -1 -1 -1 0 0 -1 0 0 0 -1 -1 
78 75 15 12 3 -7 -3 -6 -4 1 -1 0 0 0 0 0 -1 -1 0 -1 0 -1 -1 0 0 0 0 0 -1 0 0 -1 0 -1 0 0 -1 0 0 0 0 -1 -1 -1 0 -1 -1 -1 -1 0 0 
75 50 -33 10 -20 4 28 -10 -9 -10 6 8 -10 12 0 8 6 7 1 -5 -1 -3 -1 0 0 -2 1 2 0 1 0 -3 0 0 0 -2 0 1 -2 -1 0 -1 -1 -1 0 0 0 0 -1 -1 0 
71 68 13 -3 -2 -1 5 -5 -1 7 -3 3 7 4 2 -1 -5 2 -2 2 1 -1 0 2 2 -1 -1 -1 0 1 0 -3 0 -2 0 -1 0 -1 1 -1 0 0 -1 -1 0 0 -1 0 -1 -1 -1 
97 88 -14 11 -1 -5 -7 0 2 -7 17 4 -3 12 -2 -2 7 -5 -9 -12 1 -15 6 0 -1 -5 2 2 -4 0 4 5 0 -7 -2 -4 3 -4 2 2 -2 -1 -3 0 -1 -1 -1 -1 0 1 0 
80 56 4 10 28 -27 17 7 -7 -1 -1 -10 3 -2 -21 8 7 11 2 12 -4 -7 -5 0 12 5 4 2 0 4 -4 -9 -3 0 1 0 2 -4 -3 0 0 1 0 0 -1 0 1 0 1 0 -1 
82 79 -5 16 0 1 10 5 0 0 5 -10 2 3 -3 0 1 1 -2 -1 0 0 -1 -1 -3 0 0 -2 0 0 0 0 -1 0 0 0 0 0 0 0 -1 -1 0 0 0 0 -1 -1 0 -1 -1 
61 59 -10 10 7 -3 0 -6 -4 -2 -1 -1 -1 -1 0 0 -1 0 -1 -1 0 0 -1 0 -1 0 -1 -1 -1 -1 0 -1 -1 0 0 -1 -1 0 -1 -1 0 0 -1 0 0 0 -1 0 0 0 0 
70 69 -7 7 0 0 6 4 1 -2 0 3 -1 0 -3 -2 -1 1 0 -1 -1 0 -1 1 -1 -1 -1 -1 0 0 0 -1 -1 -1 0 -1 -1 0 -1 -1 0 -1 -1 -1 -1 0 -1 0 -1 -1 -1 
91 86 -23 -14 -9 -3 -4 4 0 -1 -3 -2 0 -2 -2 -1 -1 0 -1 -1 -1 -1 -1 -1 -1 -1 0 0 -1 0 0 -1 -1 0 -1 0 -1 0 0 0 0 -1 -1 -1 -1 -1 -1 -1 0 -1 -1 
17 16 0 3 -1 2 1 0 0 -1 -1 -1 -1 0 0 -1 0 0 0 -1 0 0 -1 -1 0 -1 0 -1 0 0 -1 -1 -1 0 -1 -1 -1 -1 -1 0 0 0 0 0 -1 0 0 0 -1 0 -1 
73 70 10 2 8 0 -2 5 8 -1 1 10 -9 -1 4 1 3 -2 -3 0 0 0 2 -1 1 -1 -2 1 -2 -3 -1 -2 0 -2 -2 -1 1 0 -1 -1 0 -1 0 -1 -2 -1 -1 0 1 -1 -1 
87 81 11 11 -9 10 -3 -13 10 3 3 -3 -3 1 -1 -6 -4 3 3 -8 -2 3 0 -3 3 -6 2 -3 -5 2 3 1 2 -1 -1 2 -2 -1 -1 3 0 2 -1 1 1 -2 0 0 -1 -1 -1 
75 66 -24 -7 -7 21 -12 8 5 0 0 2 1 -3 -1 1 -1 0 -1 1 0 0 0 0 0 -1 -1 0 0 -1 -1 0 0 0 -1 0 -1 -1 0 0 0 -1 -1 0 0 0 -1 -1 -1 -1 0 
75 60 34 11 3 -6 12 -1 17 -6 9 -1 -3 2 -9 0 -1 -6 4 -2 -5 5 -5 -1 3 -3 1 -4 -1 1 3 0 -1 -1 -1 -1 1 1 -2 0 -1 -1 0 0 0 0 -1 -1 -1 -1 0 
98 91 -18 23 -17 -9 -9 5 -2 -2 5 0 1 -1 0 -1 -1 0 -1 -1 -1 -1 -1 -1 -1 0 0 0 -1 0 0 0 -1 0 -1 -1 -1 0 -1 -1 -1 0 0 -1 -1 0 0 -1 0 -1 -1 
80 77 9 9 2 1 5 -1 0 -1 -3 9 -4 -4 8 0 3 1 1 -4 -3 1 -6 -2 2 -2 -3 1 0 1 0 -4 1 -2 1 0 -1 1 0 -1 -1 0 0 -1 -1 -1 0 -1 -1 -1 0 
65 54 -3 -18 22 -2 8 -14 -8 -3 7 4 -3 0 5 4 -3 -5 -1 1 1 -1 3 -1 -3 2 2 -2 -3 0 1 -1 -1 -1 -1 -2 -1 0 0 0 -1 0 -1 0 -1 0 0 0 0 0 0 
84 79 5 -15 -3 -3 -3 14 2 -8 10 -10 1 -6 0 1 -2 -2 4 6 -4 -2 -3 1 -3 2 -1 -3 -3 -3 -2 -1 1 1 0 -1 0 -1 0 0 -1 0 -1 -1 -2 -1 -1 0 0 0 0 
20 18 -5 -3 2 4 3 -2 0 -1 0 -1 0 0 0 -1 0 0 0 -1 -1 0 0 -1 -1 0 -1 -1 0 0 0 0 0 0 0 0 -1 0 0 -1 0 0 -1 0 -1 0 -1 0 0 0 0 
86 79 -15 -11 14 7 -10 14 -12 -2 -11 2 5 3 -2 -4 2 1 2 -4 -3 -1 -1 1 0 0 0 -1 -2 0 -1 0 -1 -1 -1 -1 -1 0 -1 -1 -1 -1 -1 0 -1 0 -1 -1 0 -1 -1 
79 77 -18 8 4 2 -1 -1 -2 -1 -1 0 -1 -1 -1 -1 0 0 0 0 -1 0 -1 0 0 0 0 -1 -1 0 0 0 -1 0 0 0 0 -1 0 -1 0 0 0 0 0 -1 -1 -1 0 0 0 
93 84 -16 28 2 15 8 2 0 -3 4 -12 -5 7 -3 -3 0 -3 -2 -5 -3 0 0 -3 -2 2 -2 -2 -1 -1 -2 -1 0 0 0 -1 0 -1 -1 -1 0 0 -1 -1 -1 -1 -1 -1 -1 0 -1 
75 73 1 10 2 9 -7 0 -3 -3 -2 -1 2 1 -3 -1 0 0 -1 0 -3 1 -2 -1 1 -1 -1 -1 -1 0 1 1 0 2 -1 -1 -1 0 0 -1 0 -1 0 0 0 -1 0 -1 -1 -1 0 
83 79 -19 -11 -13 5 -6 -2 1 0 -1 -1 -1 -1 0 0 -1 0 0 -1 0 -1 -1 0 0 0 0 -1 0 0 -1 0 -1 -1 -1 -1 -1 0 -1 0 0 0 0 0 0 -1 0 -1 0 0 0 
57 54 -18 3 -3 -8 1 -3 2 0 0 -1 -1 0 -1 0 -1 -1 0 0 -1 -1 0 -1 -1 0 -1 0 -1 0 -1 -1 -1 -1 0 0 -1 0 -1 -1 -1 -1 0 0 -1 -1 -1 -1 -1 -1 -1 
20 19 0 3 1 -2 -3 0 -2 1 0 -3 -2 0 2 0 0 -1 -2 -1 -1 0 1 0 -1 0 -1 -1 0 -1 0 0 -1 0 0 -1 -1 -1 0 -1 0 0 -1 0 0 0 -1 0 0 0 -1 
72 70 11 -5 -4 9 -6 -2 -1 0 -4 -2 -1 -2 -1 -2 0 -1 -1 0 0 0 0 -1 0 0 0 0 0 -1 0 -1 -1 -1 0 -1 -1 -1 0 -1 -1 0 0 -1 0 0 0 -1 -1 0 -1 
113 100 40 -20 26 -5 9 5 -4 -3 -2 0 2 -1 -1 0 -1 -1 -1 -1 0 -1 0 -1 -1 -1 -1 -1 0 -1 0 -1 0 -1 0 -1 0 0 -1 0 -1 -1 0 -1 -1 0 -1 -1 0 0 -1 
46 45 6 -6 5 -2 3 -2 -1 0 -1 0 -1 -1 -1 0 -1 0 -1 0 0 0 -1 0 0 -1 0 -1 -1 -1 -1 0 -1 0 -1 0 0 -1 -1 -1 0 -1 0 -1 0 0 -1 -1 0 -1 0 
78 75 13 5 12 -8 5 5 -3 -2 -3 -1 -1 -1 0 -2 1 -1 0 0 -1 0 -1 -1 -1 0 0 -1 0 0 -1 -1 -1 0 0 -1 0 0 -1 0 0 0 -1 -1 0 0 0 -1 -1 0 0 
81 72 -1 -5 10 0 3 11 -13 13 -1 -10 12 -2 7 3 7 8 -7 -2 8 -1 0 -6 -1 -1 -4 1 6 2 -4 -3 -4 0 -2 11 1 2 2 0 -1 -4 -3 -1 2 3 3 0 -1 -2 1 
15 15 -1 1 1 3 0 0 0 1 -1 0 -1 0 0 0 0 -1 0 -1 0 0 0 0 -1 0 -1 0 -1 0 0 -1 -1 0 0 -1 0 0 0 -1 0 0 0 -1 0 0 -1 -1 0 0 0 
18 17 -1 4 4 0 2 0 1 0 -1 0 0 0 -1 0 -1 0 0 0 0 -1 0 -1 0 0 0 0 -1 -1 -1 0 0 -1 -1 0 -1 -1 0 0 -1 0 -1 0 0 0 -1 -1 -1 0 0 
91 58 -6 32 -2 8 -3 3 -26 23 -10 -10 27 11 5 -14 -3 -16 -2 6 1 -11 8 -7 -4 4 -9 7 19 4 -7 -10 -1 -5 3 3 -5 9 -5 -2 0 -3 2 -3 0 2 1 -3 -2 -1 0 
90 85 -23 19 0 -9 -3 3 -3 -2 1 -1 0 0 -1 -1 -1 0 0 0 -1 -1 0 0 0 0 -1 0 0 -1 0 -1 0 0 -1 0 0 -1 0 -1 -1 -1 0 0 0 0 0 0 -1 0 0 
74 66 4 8 0 0 13 -14 4 1 1 -7 -4 -4 11 4 1 -4 -1 9 4 -6 6 1 -3 -12 1 -3 -5 -6 2 8 2 3 -4 2 -2 -1 -6 0 2 0 1 -1 0 -1 -2 0 1 -2 -2 
81 63 -3 3 -9 -4 11 -10 8 4 -9 14 -11 -7 -2 3 1 14 -8 21 8 -2 12 -1 6 2 -8 10 10 2 -14 6 -6 -4 -3 -5 0 8 -1 -1 -7 4 1 -5 -2 -4 2 -4 2 -4 -4 
100 70 -7 -21 -5 -19 38 10 34 -6 2 11 6 5 5 12 -4 7 6 9 -23 1 -3 12 -7 0 5 -8 6 -6 0 1 -6 -1 2 2 3 -3 4 -2 -2 2 0 0 1 -2 -2 0 -2 -1 -1 
79 76 -2 15 2 1 13 -7 6 -4 4 -5 -3 -2 0 -2 -1 0 0 0 0 -1 -1 0 -1 0 -1 0 -1 -1 -1 -1 -1 -1 0 0 0 0 -1 0 -1 -1 0 -1 0 -1 -1 -1 0 0 -1 
79 62 -5 -16 -26 -3 14 -4 5 -10 18 20 -13 -5 -5 -6 -4 -7 -2 0 -7 3 2 2 0 0 -6 1 1 2 -2 1 -1 2 0 1 0 -1 -1 -1 -1 0 -1 1 0 -1 -1 -1 0 0 -1 
89 83 -8 -19 18 -2 -7 -8 -10 -3 -2 5 -6 2 -2 -2 -4 -2 -4 -1 0 -1 -1 -1 -4 0 -1 -2 -4 -2 1 3 -2 1 -1 0 1 -2 -1 0 0 -1 0 -1 -1 -1 0 0 0 -1 -1 
78 68 0 23 -18 -5 7 -7 12 -4 -6 -7 1 6 4 6 -4 -2 -7 1 -5 7 -4 3 2 3 0 0 0 3 0 -4 -1 -1 0 -3 -1 -1 0 -1 -2 -1 -1 -1 0 0 -1 0 -1 -2 -1 
99 58 -24 -26 -17 19 -25 15 -10 1 31 -25 -11 -9 -9 -10 10 -1 -2 -16 3 0 8 -4 15 6 -6 -2 -6 2 -17 -20 0 11 -3 2 -3 -2 -1 4 5 -2 2 -2 -3 -5 2 3 -1 2 -3 
40 37 -13 -3 -1 -3 6 -3 3 -3 1 -1 -1 -1 -1 -1 0 -1 0 -1 0 -1 -1 -1 0 -1 -1 -1 0 0 0 -1 -1 0 -1 0 -1 -1 -1 -1 0 0 0 -1 -1 -1 0 0 0 -1 0 
86 75 13 -12 0 -15 -23 9 0 -14 4 -4 6 -12 -7 -1 -2 -6 -6 -7 -1 0 -3 1 1 3 -2 -3 3 2 3 -2 -2 -2 6 4 1 1 -2 -3 1 -1 -2 -1 -3 -1 3 -1 -2 -1 -1 
96 67 7 -2 24 -27 -32 -29 -19 -6 7 3 1 12 8 -5 -2 -5 12 2 -7 -18 -3 -4 -3 -1 2 -8 -12 -4 1 2 2 -6 -6 0 -1 3 -3 -2 1 -2 -1 0 -3 -2 0 -1 2 -2 -1 
90 88 18 1 -8 2 -1 -1 4 -3 0 0 1 -3 0 -1 0 -2 -2 -1 0 -1 0 0 1 0 -1 0 0 0 0 0 0 -1 0 -1 0 0 -1 -1 0 0 -1 0 -1 0 -1 0 0 -1 0 
75 72 -2 -4 1 3 -2 -8 -5 11 -7 -9 -3 2 1 0 -4 -2 -1 4 -1 -2 0 -2 -1 -1 1 1 -2 -1 1 2 0 -1 0 0 -1 1 0 -1 -1 0 0 0 0 -1 0 -1 -1 -1 0 
81 78 -17 -9 6 10 3 -1 1 -2 -1 -1 0 -1 0 0 -1 0 0 -1 0 -1 0 0 -1 0 -1 -1 0 -1 -1 0 -1 0 0 0 -1 0 0 0 0 0 -1 0 0 -1 -1 -1 0 -1 -1 
76 74 15 4 -5 3 -4 2 -2 2 -1 -1 0 -1 -1 -2 0 -1 0 -1 -1 -1 -1 0 -1 -1 0 0 0 -1 0 -1 0 0 -1 0 -1 -1 -1 -1 0 0 0 0 -1 -1 0 -1 -1 0 0 
79 76 17 -12 5 -2 4 -2 0 -1 -3 1 -1 -1 0 -1 0 -1 -1 -1 -1 -1 -1 0 -1 -1 -1 -1 0 0 -1 -1 0 -1 -1 -1 0 -1 0 0 -1 -1 0 -1 0 0 -1 0 -1 -1 -1 
67 64 2 16 -10 1 1 5 -1 -3 2 -2 -1 0 -1 -1 -1 0 -1 0 0 0 0 -1 -1 -1 0 -1 -1 -1 -1 0 -1 0 -1 -1 0 0 -1 -1 0 -1 0 0 -1 -1 -1 -1 0 -1 -1 
86 83 -21 -10 -5 5 4 -3 -2 -1 0 0 -1 -1 -1 0 0 -1 0 0 -1 -1 -1 0 -1 0 0 -1 -1 -1 0 -1 -1 -1 -1 0 0 0 -1 0 0 0 0 -1 -1 0 0 -1 -1 -1 0 
96 90 -20 -25 -10 -6 7 -6 4 2 2 1 1 -2 1 -1 -1 0 -1 -1 0 0 0 -1 -1 -1 -1 0 -1 -1 0 0 0 0 0 0 0 0 -1 -1 0 -1 -1 -1 -1 0 -1 -1 0 -1 0 
69 69 2 1 -4 1 -1 0 1 5 -1 -4 -2 0 0 -1 -1 -1 0 0 1 -2 -1 -1 0 -1 -2 -1 0 -1 0 -1 0 -1 0 0 0 0 -1 -1 0 0 -1 -1 -1 0 -1 -1 0 0 0 
23 20 -7 6 1 -3 1 0 -2 -3 0 -2 0 -1 -1 -1 0 0 0 -1 -1 0 0 -1 -1 0 0 -1 -1 0 -1 -1 0 0 -1 -1 -1 -1 -1 0 -1 0 -1 0 0 -1 0 -1 -1 0 0 
88 64 -4 6 -2 36 -30 6 -3 -1 -5 -10 11 -20 12 -8 5 -4 3 -7 4 7 -1 -7 2 1 8 -2 -4 5 0 0 -1 -2 -3 -6 9 -3 -4 3 1 -4 0 0 -2 -3 -3 -1 1 0 0 
79 72 -11 -7 9 -5 -6 6 15 -3 -1 9 11 -2 0 -5 3 4 8 -9 7 3 -6 -2 -2 3 -2 -4 -3 -2 -4 -3 -1 2 -2 2 -2 -2 -1 2 0 1 -3 0 -2 -3 -1 0 -1 -3 -1 
85 68 30 21 5 -7 3 -6 -15 18 9 10 2 -16 3 -1 0 -4 -4 -2 3 2 6 -6 0 -3 -4 -1 4 -2 -5 1 3 1 0 4 0 -1 3 2 0 0 0 0 1 -3 -1 0 0 0 0 
63 61 7 10 7 7 -5 0 6 -4 -2 -1 -2 -1 -1 -1 -1 0 -1 0 -1 -1 -1 -1 0 -1 0 -1 -1 -1 -1 -1 -1 -1 -1 -1 -1 -1 0 0 -1 -1 -1 -1 0 -1 -1 -1 0 -1 -1 
65 62 2 9 -6 12 -6 -5 -5 -3 0 -2 -2 -1 -1 1 0 -1 0 0 0 -1 0 0 0 -1 -1 0 -1 0 0 -1 0 -1 -1 0 -1 0 0 -1 -1 -1 0 0 0 -1 0 0 0 -1 0 
90 87 24 -9 -5 -1 -2 -2 -1 0 0 0 1 -1 0 -1 0 0 -1 0 -1 0 0 -1 0 -1 0 0 0 -1 0 -1 0 -1 -1 -1 -1 0 0 -1 0 0 0 0 0 0 0 -1 0 -1 -1 
86 83 -20 4 -5 -6 4 -3 0 -3 0 -2 -3 -4 -3 -2 -1 0 -1 -1 -1 0 -1 -1 0 -1 -1 0 0 0 -1 -1 -1 0 0 -1 0 0 -1 -1 -1 -1 0 -1 0 -1 0 -1 -1 0 -1 
32 28 -9 6 -5 6 3 0 0 3 -1 -2 -3 -1 -3 -4 -2 -2 1 0 0 0 0 -1 0 0 -1 1 -1 0 -1 -1 -1 -1 0 -1 0 -1 0 -1 0 0 -1 -1 -1 -1 0 -1 0 0 -1 
90 63 57 16 -8 9 6 1 -4 0 1 9 4 3 6 -12 4 4 4 6 0 -3 -5 -2 6 -2 3 1 2 -5 0 1 4 0 4 0 2 0 1 0 0 1 0 -1 -1 0 1 -1 -1 -1 0 
75 68 -1 18 7 -9 3 10 7 -7 -1 -7 1 -5 -10 0 10 6 -3 -7 -1 2 1 1 2 1 1 1 3 4 1 -2 2 0 -2 -1 0 1 0 0 -1 -1 -1 -1 0 0 0 -2 0 0 0 
86 82 16 17 0 -1 -12 7 0 2 -4 0 1 0 -1 0 0 -1 -1 -1 -1 0 0 0 -1 -1 -1 0 -1 0 0 0 0 -1 0 -1 -1 0 -1 -1 -1 0 0 -1 0 0 -1 -1 -1 -1 0 
38 35 -11 -3 -4 -2 6 -3 2 -2 1 -1 0 -1 0 -1 0 0 0 -1 -1 0 0 -1 -1 -1 -1 -1 0 0 0 0 -1 -1 -1 0 -1 0 0 0 -1 -1 -1 0 -1 -1 0 0 -1 0 0 
76 73 10 8 -9 10 -7 -3 -3 2 -6 0 -2 3 1 2 0 -2 1 -1 0 -1 0 0 -1 -1 -1 -1 -1 -1 -1 -1 0 0 -1 -1 -1 -1 -1 -1 0 0 0 -1 -1 0 -1 0 0 0 0 
96 92 26 -6 -8 -7 -3 2 -2 -1 0 0 0 -1 0 0 0 0 0 -1 0 -1 0 -1 0 0 -1 -1 -1 -1 -1 0 -1 -1 -1 -1 0 0 -1 0 -1 -1 -1 -1 0 0 0 -1 0 0 0 
61 47 11 16 1 11 1 3 -8 -6 10 4 -9 -7 5 2 -12 -3 3 -2 9 1 -7 -6 10 -4 8 -4 5 -2 -5 3 -1 -5 3 -2 -2 -7 2 -2 0 0 -1 -2 2 0 0 -1 -2 -1 -1 
35 33 9 0 -6 -4 -5 1 1 1 -1 0 -1 0 -1 0 -1 -1 -1 0 0 -1 0 0 -1 0 0 -1 -1 -1 0 0 0 0 0 0 0 0 0 -1 0 0 -1 -1 -1 -1 -1 -1 0 0 0 
